--- Path ---
0 2
2 12
--- Path ---
0 1
1 2
2 12
--- Path ---
0 1
1 3
2 12
3 5
5 2
--- Path ---
0 1
1 3
2 12
3 4
4 5
5 2
--- Path ---
0 1
1 3
3 4
4 8
8 9
9 11
11 12
--- Path ---
0 1
1 3
3 5
5 6
6 8
8 9
9 11
11 12
--- Path ---
0 1
1 3
3 5
5 7
7 8
8 9
9 11
11 12
--- Path ---
0 1
1 3
3 4
4 8
8 9
9 10
10 11
11 12
--- Path ---
0 1
1 3
3 4
4 5
5 6
6 8
8 9
9 11
11 12
--- Path ---
0 1
1 3
3 4
4 5
5 7
7 8
8 9
9 11
11 12
--- Path ---
0 1
1 3
3 5
5 7
7 8
8 9
9 10
10 11
11 12
--- Path ---
0 1
1 3
3 5
5 6
6 8
8 9
9 10
10 11
11 12
--- Path ---
0 1
1 3
3 4
4 5
5 7
7 8
8 9
9 10
10 11
11 12
--- Path ---
0 1
1 3
3 4
4 5
5 6
6 8
8 9
9 10
10 11
11 12
